4
3
0 18 34
48 0 55
18 7 0
4
0 83 65 97
82 0 78 6
19 19 0 82
6 34 94 0
5
0 9 26 85 42
14 0 84 31 27
58 88 0 16 46
83 61 94 0 17
40 71 24 38 0
15
0 61 84 65 94 84 21 34 22 70 1 61 84 65 94 
16 0 88 99 66 77 55 12 56 89 16 5 88 99 66 
87 95 0 16 48 26 57 95 36 46 87 95 3 16 48 
94 50 50 0 50 50 50 40 20 50 94 50 50 6 50 
62 44 55 66 0 21 32 43 65 46 62 44 55 66 4 
54 46 51 25 78 0 97 64 26 84 54 46 51 25 78
87 48 58 85 65 46 0 83 64 74 87 48 58 85 65
16 39 29 19 49 59 79 0 47 57 16 39 29 19 49
21 55 13 80 90 70 50 60 0 44 21 55 13 80 90
99 88 65 23 15 95 64 55 44 0 99 88 65 23 15
1 61 84 65 94 84 21 34 22 70 0 61 84 65 94 
16 2 88 99 66 77 55 12 56 89 16 0 88 99 66 
87 95 3 16 48 26 57 95 36 46 87 95 0 16 48 
94 50 50 4 50 50 50 40 20 50 94 50 50 0 50 
62 44 55 66 5 21 32 43 65 46 62 44 55 66 0 
